4 0.4411614583333333 0.9444444444444444 0.055817708333333334 0.10562962962962963
4 0.35492708333333334 0.9523796296296295 0.03877083333333333 0.09523148148148147
9 0.3778229166666666 0.96875 0.018661458333333332 0.0625
7 0.400171875 0.9747870370370371 0.018682291666666666 0.05043518518518519
6 0.4473489583333333 0.8350185185185186 0.014125 0.07930555555555556
1 0.5062916666666667 0.8255185185185184 0.013541666666666667 0.06799999999999999
8 0.5132395833333333 0.8711388888888889 0.020401041666666668 0.07715740740740741
6 0.6764322916666666 0.5875740740740741 0.012588541666666668 0.0640462962962963
3 0.462671875 0.4683611111111111 0.016494791666666668 0.047842592592592596
8 0.748265625 0.4996111111111112 0.015625 0.047064814814814816
6 0.537109375 0.4540925925925926 0.009984375 0.04552777777777778
4 0.7854270833333333 0.51625 0.04380208333333333 0.06937962962962964
8 0.8452135416666666 0.5535277777777777 0.010526041666666668 0.04908333333333333
2 0.9871979166666667 0.5698333333333333 0.015192708333333334 0.04552777777777778
6 0.96853125 0.5690555555555556 0.012588541666666668 0.05324074074074074
4 0.9666875 0.621 0.0391875 0.06774074074074074
7 0.9337552083333333 0.5853611111111111 0.013880208333333333 0.05814814814814814
10 0.9203541666666666 0.5945185185185186 0.020401041666666668 0.07021296296296296