8 0.4606927083333333 0.7599814814814815 0.013635416666666667 0.050944444444444445
7 0.8953749999999999 0.6018518518518519 0.014401041666666666 0.05882407407407408
4 0.889859375 0.6040277777777778 0.043812500000000004 0.06971296296296296
8 0.8672447916666666 0.6538796296296296 0.009234375 0.05642592592592592
8 0.884 0.5308055555555555 0.01403125 0.04275
8 0.861328125 0.5193148148148148 0.011067708333333334 0.045564814814814815
9 0.82409375 0.5382499999999999 0.015619791666666666 0.055324074074074074
3 0.77459375 0.489462962962963 0.014286458333333333 0.063
0 0.83584375 0.5622777777777778 0.017765625 0.04819444444444444
5 0.7032760416666667 0.5106203703703704 0.011333333333333334 0.05174074074074074
6 0.7239687499999999 0.5136759259259259 0.012177083333333333 0.05159259259259259
6 0.71209375 0.5192592592592592 0.010291666666666668 0.047324074074074074